
	Block.box(0.25, 0.28125, 0.75, 0.75, 0.28125, 1),
	Block.box(0.4375, 0.1875, 0.5625, 0.5625, 0.3125, 0.875),
	Block.box(0.375, 0.125, 0.0625, 0.625, 0.375, 0.375),
	Block.box(0.6875, 0.125, -0.1875, 0.9375, 0.375, 0.0625),
	Block.box(0.375, 0.125, 0.5625, 0.625, 0.1875, 0.625),
	Block.box(0.375, 0.125, 0.6875, 0.625, 0.1875, 0.75),
	Block.box(0.375, 0.1875, 0.375, 0.625, 0.3125, 0.5625),
	Block.box(0.375, 0.125, 0.4375, 0.625, 0.1875, 0.5),
	Block.box(0.5625, 0.3125, -0.25, 0.5625, 0.4375, 0.0625),
	Block.box(0, 0.125, 0.1875, 0.25, 0.375, 0.4375),
	Block.box(0.0625, 0, 0.0625, 0.9375, 0.125, 0.9375),
	Block.box(0.375, 0.1875, 0.375, 0.625, 0.3125, 0.5625),
	Block.box(0.4375, 0.3125, -0.25, 0.4375, 0.4375, 0.0625),
};